$ANSIBLE_VAULT;1.1;AES256
32353662663834613937643835366437363062666162323162346632326365306630353231346436
3865303538616533336566383962656363393530646234390a666438353165643738376630396530
34386134653164663133626638343766396164353863326466643561333766623263666361663138
3063363962313162640a653933386230666665343632623564313435303838333239636138353936
31616561643966373931333463313862353035376330353139346230653761326138636437636636
32316636626665383162663862363263343439386638626665323334313035363337306339633634
30323430316364653331386663356236633165616439306263353736393035323533363766396665
39303530313135376666663838656130363765396366636139326239316634376332323132336366
62323566633364313235333866623435326366393162323562663635636636396533373261633436
35323863303731373333353964663532363832393439623539663434346533333632316661386634
35666163623366323932636430616631303232643035653263643133306533316639346164383962
34343865313765363665616161313564353564653837316164636234633131366534343836643132
37336231336235623237323634393661306130666337383564356362663365363764613531653261
32363336313831613939613366356130366337636365303539343632363236616437313337353066
38333561613433366663313061346437653234613537633863396565333235306564323361356535
31613233633661623264366638303938303561623632343531633161393533323161373935363531
63336166366631303936383364663165353865633931663264623331383433326138333464633765
37646532306465356362336362663535643134383839333765393362383735663564313961323265
62373839333530303438663237383066346439346238633834366336323935636437623834376335
33313463653531663865646337646566653263663964646265376365633135383966303639346636
37663730633734623366313464616337666236613935653564623962633532313738
